# 仿真参数配置文件
SIGNAL_TYPE = CW
FREQUENCY_HZ = 1000.000000
PULSE_DURATION_S = 1.000000
SAMPLING_RATE_HZ = 10000.000000
LFM_BANDWIDTH_HZ = 500.000000
SOUND_SPEED_MPS = 1500.000000
NUM_TARGETS = 50
TARGET1_VELOCITY_MPS = 10.000000
TARGET1_AMPLITUDE = 1.000000
TARGET2_VELOCITY_MPS = -15.000000
TARGET2_AMPLITUDE = 0.800000
NOISE_ENABLED = 1
SNR_DB = 10.000000
