# 仿真参数配置文件
SIGNAL_TYPE = CW
FREQUENCY_HZ = 1000.000000
PULSE_DURATION_S = 0.100000
SAMPLING_RATE_HZ = 10000.000000
LFM_BANDWIDTH_HZ = 500.000000
SOUND_SPEED_MPS = 1500.000000
NUM_TARGETS = 49
TARGET1_VELOCITY_MPS = -30.000000
TARGET1_INITIAL_AMPLITUDE = 1.000000
NOISE_ENABLED = 1
SNR_DB = -5.000000
